But the staff was so horrible to us.
staff
9
[0.2222222222222222, 0.1111111111111111, 0.0, 0.1111111111111111, 0.2222222222222222, 0.3333333333333333, 0.4444444444444444, 0.5555555555555556, 0.6666666666666666, 1, 1, 1, 1, 1, 1, 1, 1, 1, 1, 1, 1, 1, 1, 1, 1, 1, 1, 1, 1, 1, 1, 1, 1, 1, 1, 1, 1, 1, 1, 1, 1, 1, 1, 1, 1, 1, 1, 1, 1, 1, 1, 1, 1, 1, 1, 1, 1, 1, 1, 1, 1, 1, 1, 1, 1, 1, 1, 1, 1, 1, 1, 1, 1, 1, 1, 1, 1, 1, 1, 1, 1, 1, 1, 1, 1]
[1, 0, 0]
To be completely fair, the only redeeming factor was the food, which was above average, but couldn't make up for all the other deficiencies of Teodora.
food
31
[0.3548387096774194, 0.3225806451612903, 0.2903225806451613, 0.25806451612903225, 0.22580645161290322, 0.1935483870967742, 0.16129032258064516, 0.12903225806451613, 0.0967741935483871, 0.06451612903225806, 0.03225806451612903, 0.0, 0.03225806451612903, 0.06451612903225806, 0.0967741935483871, 0.12903225806451613, 0.16129032258064516, 0.1935483870967742, 0.22580645161290322, 0.25806451612903225, 0.2903225806451613, 0.3225806451612903, 0.3548387096774194, 0.3870967741935484, 0.41935483870967744, 0.45161290322580644, 0.4838709677419355, 0.5161290322580645, 0.5483870967741935, 0.5806451612903226, 0.6129032258064516, 1, 1, 1, 1, 1, 1, 1, 1, 1, 1, 1, 1, 1, 1, 1, 1, 1, 1, 1, 1, 1, 1, 1, 1, 1, 1, 1, 1, 1, 1, 1, 1, 1, 1, 1, 1, 1, 1, 1, 1, 1, 1, 1, 1, 1, 1, 1, 1, 1, 1, 1, 1, 1, 1]
[0, 0, 1]
The food is uniformly exceptional, with a very capable kitchen which will proudly whip up whatever you feel like eating, whether it's on the menu or not.
food
31
[0.03225806451612903, 0.0, 0.03225806451612903, 0.06451612903225806, 0.0967741935483871, 0.12903225806451613, 0.16129032258064516, 0.1935483870967742, 0.22580645161290322, 0.25806451612903225, 0.2903225806451613, 0.3225806451612903, 0.3548387096774194, 0.3870967741935484, 0.41935483870967744, 0.45161290322580644, 0.4838709677419355, 0.5161290322580645, 0.5483870967741935, 0.5806451612903226, 0.6129032258064516, 0.6451612903225806, 0.6774193548387096, 0.7096774193548387, 0.7419354838709677, 0.7741935483870968, 0.8064516129032258, 0.8387096774193549, 0.8709677419354839, 0.9032258064516129, 0.9354838709677419, 1, 1, 1, 1, 1, 1, 1, 1, 1, 1, 1, 1, 1, 1, 1, 1, 1, 1, 1, 1, 1, 1, 1, 1, 1, 1, 1, 1, 1, 1, 1, 1, 1, 1, 1, 1, 1, 1, 1, 1, 1, 1, 1, 1, 1, 1, 1, 1, 1, 1, 1, 1, 1, 1]
[0, 0, 1]
The food is uniformly exceptional, with a very capable kitchen which will proudly whip up whatever you feel like eating, whether it's on the menu or not.
kitchen
31
[0.3225806451612903, 0.2903225806451613, 0.25806451612903225, 0.22580645161290322, 0.1935483870967742, 0.16129032258064516, 0.12903225806451613, 0.0967741935483871, 0.06451612903225806, 0.03225806451612903, 0.0, 0.03225806451612903, 0.06451612903225806, 0.0967741935483871, 0.12903225806451613, 0.16129032258064516, 0.1935483870967742, 0.22580645161290322, 0.25806451612903225, 0.2903225806451613, 0.3225806451612903, 0.3548387096774194, 0.3870967741935484, 0.41935483870967744, 0.45161290322580644, 0.4838709677419355, 0.5161290322580645, 0.5483870967741935, 0.5806451612903226, 0.6129032258064516, 0.6451612903225806, 1, 1, 1, 1, 1, 1, 1, 1, 1, 1, 1, 1, 1, 1, 1, 1, 1, 1, 1, 1, 1, 1, 1, 1, 1, 1, 1, 1, 1, 1, 1, 1, 1, 1, 1, 1, 1, 1, 1, 1, 1, 1, 1, 1, 1, 1, 1, 1, 1, 1, 1, 1, 1, 1]
[0, 0, 1]
The food is uniformly exceptional, with a very capable kitchen which will proudly whip up whatever you feel like eating, whether it's on the menu or not.
menu
31
[0.8709677419354839, 0.8387096774193549, 0.8064516129032258, 0.7741935483870968, 0.7419354838709677, 0.7096774193548387, 0.6774193548387096, 0.6451612903225806, 0.6129032258064516, 0.5806451612903226, 0.5483870967741935, 0.5161290322580645, 0.4838709677419355, 0.45161290322580644, 0.41935483870967744, 0.3870967741935484, 0.3548387096774194, 0.3225806451612903, 0.2903225806451613, 0.25806451612903225, 0.22580645161290322, 0.1935483870967742, 0.16129032258064516, 0.12903225806451613, 0.0967741935483871, 0.06451612903225806, 0.03225806451612903, 0.0, 0.03225806451612903, 0.06451612903225806, 0.0967741935483871, 1, 1, 1, 1, 1, 1, 1, 1, 1, 1, 1, 1, 1, 1, 1, 1, 1, 1, 1, 1, 1, 1, 1, 1, 1, 1, 1, 1, 1, 1, 1, 1, 1, 1, 1, 1, 1, 1, 1, 1, 1, 1, 1, 1, 1, 1, 1, 1, 1, 1, 1, 1, 1, 1]
[0, 1, 0]
Not only was the food outstanding, but the little 'perks' were great.
food
16
[0.25, 0.1875, 0.125, 0.0625, 0.0, 0.0625, 0.125, 0.1875, 0.25, 0.3125, 0.375, 0.4375, 0.5, 0.5625, 0.625, 0.6875, 1, 1, 1, 1, 1, 1, 1, 1, 1, 1, 1, 1, 1, 1, 1, 1, 1, 1, 1, 1, 1, 1, 1, 1, 1, 1, 1, 1, 1, 1, 1, 1, 1, 1, 1, 1, 1, 1, 1, 1, 1, 1, 1, 1, 1, 1, 1, 1, 1, 1, 1, 1, 1, 1, 1, 1, 1, 1, 1, 1, 1, 1, 1, 1, 1, 1, 1, 1, 1]
[0, 0, 1]
Not only was the food outstanding, but the little 'perks' were great.
perks
16
[0.6875, 0.625, 0.5625, 0.5, 0.4375, 0.375, 0.3125, 0.25, 0.1875, 0.125, 0.0625, 0.0, 0.0625, 0.125, 0.1875, 0.25, 1, 1, 1, 1, 1, 1, 1, 1, 1, 1, 1, 1, 1, 1, 1, 1, 1, 1, 1, 1, 1, 1, 1, 1, 1, 1, 1, 1, 1, 1, 1, 1, 1, 1, 1, 1, 1, 1, 1, 1, 1, 1, 1, 1, 1, 1, 1, 1, 1, 1, 1, 1, 1, 1, 1, 1, 1, 1, 1, 1, 1, 1, 1, 1, 1, 1, 1, 1, 1]
[0, 0, 1]
Our agreed favorite is the orrechiete with sausage and chicken (usually the waiters are kind enough to split the dish in half so you get to sample both meats).
orrechiete with sausage and chicken
32
[0.15625, 0.125, 0.09375, 0.0625, 0.03125, 0.0, 0.0, 0.0, 0.0, 0.0, 0.03125, 0.0625, 0.09375, 0.125, 0.15625, 0.1875, 0.21875, 0.25, 0.28125, 0.3125, 0.34375, 0.375, 0.40625, 0.4375, 0.46875, 0.5, 0.53125, 0.5625, 0.59375, 0.625, 0.65625, 0.6875, 1, 1, 1, 1, 1, 1, 1, 1, 1, 1, 1, 1, 1, 1, 1, 1, 1, 1, 1, 1, 1, 1, 1, 1, 1, 1, 1, 1, 1, 1, 1, 1, 1, 1, 1, 1, 1, 1, 1, 1, 1, 1, 1, 1, 1, 1, 1, 1, 1, 1, 1, 1, 1]
[0, 0, 1]
Our agreed favorite is the orrechiete with sausage and chicken (usually the waiters are kind enough to split the dish in half so you get to sample both meats).
waiters
32
[0.40625, 0.375, 0.34375, 0.3125, 0.28125, 0.25, 0.21875, 0.1875, 0.15625, 0.125, 0.09375, 0.0625, 0.03125, 0.0, 0.03125, 0.0625, 0.09375, 0.125, 0.15625, 0.1875, 0.21875, 0.25, 0.28125, 0.3125, 0.34375, 0.375, 0.40625, 0.4375, 0.46875, 0.5, 0.53125, 0.5625, 1, 1, 1, 1, 1, 1, 1, 1, 1, 1, 1, 1, 1, 1, 1, 1, 1, 1, 1, 1, 1, 1, 1, 1, 1, 1, 1, 1, 1, 1, 1, 1, 1, 1, 1, 1, 1, 1, 1, 1, 1, 1, 1, 1, 1, 1, 1, 1, 1, 1, 1, 1, 1]
[0, 0, 1]
Our agreed favorite is the orrechiete with sausage and chicken (usually the waiters are kind enough to split the dish in half so you get to sample both meats).
meats
32
[0.90625, 0.875, 0.84375, 0.8125, 0.78125, 0.75, 0.71875, 0.6875, 0.65625, 0.625, 0.59375, 0.5625, 0.53125, 0.5, 0.46875, 0.4375, 0.40625, 0.375, 0.34375, 0.3125, 0.28125, 0.25, 0.21875, 0.1875, 0.15625, 0.125, 0.09375, 0.0625, 0.03125, 0.0, 0.03125, 0.0625, 1, 1, 1, 1, 1, 1, 1, 1, 1, 1, 1, 1, 1, 1, 1, 1, 1, 1, 1, 1, 1, 1, 1, 1, 1, 1, 1, 1, 1, 1, 1, 1, 1, 1, 1, 1, 1, 1, 1, 1, 1, 1, 1, 1, 1, 1, 1, 1, 1, 1, 1, 1, 1]
[0, 1, 0]
Our agreed favorite is the orrechiete with sausage and chicken (usually the waiters are kind enough to split the dish in half so you get to sample both meats).
dish
32
[0.625, 0.59375, 0.5625, 0.53125, 0.5, 0.46875, 0.4375, 0.40625, 0.375, 0.34375, 0.3125, 0.28125, 0.25, 0.21875, 0.1875, 0.15625, 0.125, 0.09375, 0.0625, 0.03125, 0.0, 0.03125, 0.0625, 0.09375, 0.125, 0.15625, 0.1875, 0.21875, 0.25, 0.28125, 0.3125, 0.34375, 1, 1, 1, 1, 1, 1, 1, 1, 1, 1, 1, 1, 1, 1, 1, 1, 1, 1, 1, 1, 1, 1, 1, 1, 1, 1, 1, 1, 1, 1, 1, 1, 1, 1, 1, 1, 1, 1, 1, 1, 1, 1, 1, 1, 1, 1, 1, 1, 1, 1, 1, 1, 1]
[0, 1, 0]
The Bagels have an outstanding taste with a terrific texture, both chewy yet not gummy.
Bagels
17
[0.058823529411764705, 0.0, 0.058823529411764705, 0.11764705882352941, 0.17647058823529413, 0.23529411764705882, 0.29411764705882354, 0.35294117647058826, 0.4117647058823529, 0.47058823529411764, 0.5294117647058824, 0.5882352941176471, 0.6470588235294118, 0.7058823529411765, 0.7647058823529411, 0.8235294117647058, 0.8823529411764706, 1, 1, 1, 1, 1, 1, 1, 1, 1, 1, 1, 1, 1, 1, 1, 1, 1, 1, 1, 1, 1, 1, 1, 1, 1, 1, 1, 1, 1, 1, 1, 1, 1, 1, 1, 1, 1, 1, 1, 1, 1, 1, 1, 1, 1, 1, 1, 1, 1, 1, 1, 1, 1, 1, 1, 1, 1, 1, 1, 1, 1, 1, 1, 1, 1, 1, 1, 1]
[0, 0, 1]
