[0.12993072 0.12237477 0.11085359 0.10947698 0.10604854 0.1058224 0.10584802 0.1049293  0.10471573 0.         0.         0. 0.         0.         0.         0.         0.         0. 0.         0.         0.         0.         0.         0. 0.         0.         0.         0.         0.         0. 0.         0.         0.         0.         0.         0. 0.         0.         0.         0.         0.         0. 0.         0.         0.         0.         0.        ]
[0.10945893 0.10946124 0.12262318 0.12289616 0.11480992 0.11281846 0.10891845 0.10262839 0.09638523 0.         0.         0. 0.         0.         0.         0.         0.         0. 0.         0.         0.         0.         0.         0. 0.         0.         0.         0.         0.         0. 0.         0.         0.         0.         0.         0. 0.         0.         0.         0.         0.         0. 0.         0.         0.         0.         0.        ]
[0.10422877 0.09982201 0.09484359 0.1008338  0.10566081 0.1143766 0.11674251 0.1258611  0.13763075 0.         0.         0. 0.         0.         0.         0.         0.         0. 0.         0.         0.         0.         0.         0. 0.         0.         0.         0.         0.         0. 0.         0.         0.         0.         0.         0. 0.         0.         0.         0.         0.         0. 0.         0.         0.         0.         0.        ]
False
2
[0.03285005 0.03295661 0.03241739 0.03232875 0.03325279 0.03401225 0.03197752 0.03231727 0.03357413 0.03311328 0.03340827 0.0354845 0.03529761 0.03434153 0.03506706 0.03532954 0.03409439 0.03328798 0.03139616 0.03133605 0.03410495 0.03262634 0.03260512 0.0318035 0.02970997 0.02811404 0.02916989 0.02750541 0.02866815 0.02908728 0.02876228 0.         0.         0.         0.         0. 0.         0.         0.         0.         0.         0. 0.         0.         0.         0.         0.        ]
[0.0294097  0.03079726 0.03395301 0.03539652 0.03777772 0.0338391 0.03690504 0.03664738 0.0389545  0.04078972 0.04041602 0.03958765 0.0363284  0.03595938 0.03218947 0.03006267 0.03155763 0.03195707 0.0310189  0.03023782 0.02746952 0.02655992 0.02870217 0.02810785 0.02862029 0.02955621 0.02825001 0.02850738 0.02780055 0.02722311 0.02541803 0.         0.         0.         0.         0. 0.         0.         0.         0.         0.         0. 0.         0.         0.         0.         0.        ]
[0.03240547 0.03495618 0.03516921 0.03392615 0.03415005 0.03442106 0.03050471 0.03089255 0.02969206 0.02874004 0.02619367 0.02564243 0.02645814 0.02650859 0.02780245 0.03110893 0.02927322 0.02875473 0.03163711 0.03153272 0.0334738  0.03189188 0.03254722 0.03467004 0.03403433 0.03734307 0.03736918 0.03785339 0.03696717 0.03689805 0.0371824  0.         0.         0.         0.         0. 0.         0.         0.         0.         0.         0. 0.         0.         0.         0.         0.        ]
True
2
[0.03555255 0.03422749 0.03587122 0.03636869 0.03588617 0.03409857 0.03701106 0.03599385 0.03413878 0.033987   0.03197352 0.03388051 0.03421054 0.03311867 0.03261262 0.03227001 0.03109774 0.03085165 0.02996545 0.02979995 0.0300171  0.03028856 0.03083296 0.03009428 0.02971254 0.02984239 0.02950747 0.02929837 0.02928333 0.02919018 0.02901681 0.         0.         0.         0.         0. 0.         0.         0.         0.         0.         0. 0.         0.         0.         0.         0.        ]
[0.03743839 0.04030887 0.03837982 0.0383487  0.03847462 0.03661428 0.03425083 0.03689741 0.0347336  0.03634273 0.03443572 0.03293027 0.0329098  0.0327854  0.03297595 0.03276952 0.03037255 0.02986815 0.02946879 0.02996528 0.02900288 0.02913459 0.02900056 0.02803838 0.02798907 0.02844809 0.02786597 0.02798861 0.02770452 0.0273621 0.02719457 0.         0.         0.         0.         0. 0.         0.         0.         0.         0.         0. 0.         0.         0.         0.         0.        ]
[0.02683244 0.02688653 0.02622523 0.02553155 0.02757746 0.02744621 0.03110229 0.02747646 0.02818118 0.0293475  0.03037628 0.02978734 0.03036087 0.03163927 0.03221828 0.03289777 0.03357563 0.03475688 0.03485922 0.03430679 0.03387039 0.03431477 0.03661975 0.03562686 0.03573283 0.03628109 0.03636498 0.03722358 0.03735697 0.03755769 0.03766588 0.         0.         0.         0.         0. 0.         0.         0.         0.         0.         0. 0.         0.         0.         0.         0.        ]
True
2
[0.03259473 0.03179049 0.03326729 0.03408745 0.03418491 0.03302119 0.03642473 0.03604405 0.03449338 0.03476289 0.03243124 0.03544786 0.03607735 0.03453607 0.03387497 0.03345744 0.03170013 0.0313936 0.0300183  0.02980052 0.03024712 0.03083968 0.03175512 0.03074048 0.0300965  0.03056523 0.02952079 0.02961066 0.02983408 0.02901616 0.02836563 0.         0.         0.         0.         0. 0.         0.         0.         0.         0.         0. 0.         0.         0.         0.         0.        ]
[0.03295351 0.0348345  0.03430765 0.03500923 0.03590558 0.03505919 0.03347708 0.03710491 0.03546157 0.03842923 0.03671255 0.03474761 0.03486548 0.03467157 0.03532123 0.03519167 0.03145574 0.0307611 0.03022116 0.03122458 0.02967177 0.0300668  0.02972631 0.02796241 0.0282753  0.02915395 0.02794142 0.02848487 0.02791502 0.02689324 0.02619384 0.         0.         0.         0.         0. 0.         0.         0.         0.         0.         0. 0.         0.         0.         0.         0.        ]
[0.03033658 0.03037308 0.02917409 0.02798746 0.02924217 0.02848088 0.03170355 0.02720275 0.02725993 0.02796799 0.02873789 0.0278373 0.0284842  0.02998441 0.03082891 0.03169813 0.03259586 0.03411767 0.03439436 0.03337567 0.03249158 0.03306749 0.03684765 0.03480029 0.03480585 0.0357704  0.03573781 0.03782218 0.0381698  0.03893974 0.03976429 0.         0.         0.         0.         0. 0.         0.         0.         0.         0.         0. 0.         0.         0.         0.         0.        ]
True
2
[0.0303533  0.03034029 0.03082334 0.03119936 0.03139406 0.03097171 0.03224677 0.03230496 0.03189166 0.03231216 0.0314335  0.03291772 0.03364819 0.03323298 0.03322083 0.03332691 0.03231649 0.03234419 0.03127958 0.03123694 0.03196807 0.0330272  0.03464681 0.03367566 0.0329757  0.0343232  0.03223182 0.03314817 0.03390876 0.03148103 0.02981859 0.         0.         0.         0.         0. 0.         0.         0.         0.         0.         0. 0.         0.         0.         0.         0.        ]
[0.0297162  0.03034144 0.03050494 0.03093544 0.03143814 0.03122767 0.03091812 0.03237398 0.03200779 0.03353004 0.03307186 0.03253132 0.03307778 0.03363022 0.03449364 0.03507423 0.0327322  0.03255079 0.03243493 0.03400129 0.03264005 0.0336424  0.03355714 0.03110176 0.03215813 0.03417035 0.03197988 0.03379071 0.03249471 0.02986963 0.02800319 0.         0.         0.         0.         0. 0.         0.         0.         0.         0.         0. 0.         0.         0.         0.         0.        ]
[0.03398336 0.03397215 0.03310774 0.03267375 0.03283958 0.03209935 0.03316638 0.03110278 0.03109346 0.03123117 0.03126207 0.03035398 0.03024909 0.03083156 0.03084527 0.03105771 0.03136156 0.03230414 0.03222765 0.03095262 0.02963817 0.02978976 0.03385372 0.0309023 0.03046525 0.03149468 0.03102014 0.03462927 0.03531729 0.037038 0.03913607 0.         0.         0.         0.         0. 0.         0.         0.         0.         0.         0. 0.         0.         0.         0.         0.        ]
False
2
[0.06349758 0.06188431 0.06472374 0.06315367 0.06409445 0.06503373 0.06361429 0.06444844 0.0644241  0.06364477 0.06376725 0.0603113 0.06239169 0.06062275 0.05761976 0.05676819 0.         0. 0.         0.         0.         0.         0.         0. 0.         0.         0.         0.         0.         0. 0.         0.         0.         0.         0.         0. 0.         0.         0.         0.         0.         0. 0.         0.         0.         0.         0.        ]
[0.05925738 0.06527691 0.07129264 0.07311971 0.07331905 0.06586396 0.06780031 0.06057791 0.06061556 0.06296077 0.06214553 0.05906285 0.05903821 0.05758042 0.05262442 0.04946439 0.         0. 0.         0.         0.         0.         0.         0. 0.         0.         0.         0.         0.         0. 0.         0.         0.         0.         0.         0. 0.         0.         0.         0.         0.         0. 0.         0.         0.         0.         0.        ]
[0.05810099 0.06291794 0.06678823 0.05849664 0.05487949 0.05463156 0.05720904 0.06211384 0.06264475 0.06213732 0.06273173 0.06671727 0.06861775 0.06597112 0.0675977  0.06844462 0.         0. 0.         0.         0.         0.         0.         0. 0.         0.         0.         0.         0.         0. 0.         0.         0.         0.         0.         0. 0.         0.         0.         0.         0.         0. 0.         0.         0.         0.         0.        ]
True
2
[0.05669222 0.05645798 0.05806525 0.05767683 0.05844243 0.05994012 0.0603746  0.0626712  0.06465752 0.0659031  0.06877106 0.06592797 0.07115594 0.06857537 0.06283773 0.06185069 0.         0. 0.         0.         0.         0.         0.         0. 0.         0.         0.         0.         0.         0. 0.         0.         0.         0.         0.         0. 0.         0.         0.         0.         0.         0. 0.         0.         0.         0.         0.        ]
[0.0516026  0.05454696 0.05775121 0.05937393 0.06025343 0.05861995 0.06257465 0.05946741 0.06217355 0.06854127 0.0719915  0.07181966 0.07351588 0.07141429 0.0615951  0.05475863 0.         0. 0.         0.         0.         0.         0.         0. 0.         0.         0.         0.         0.         0. 0.         0.         0.         0.         0.         0. 0.         0.         0.         0.         0.         0. 0.         0.         0.         0.         0.        ]
[0.06463321 0.06681132 0.06814932 0.06366492 0.06105596 0.05900285 0.05930083 0.06210981 0.06130641 0.0591426  0.05836282 0.06291781 0.06592087 0.06007204 0.06318614 0.06436305 0.         0. 0.         0.         0.         0.         0.         0. 0.         0.         0.         0.         0.         0. 0.         0.         0.         0.         0.         0. 0.         0.         0.         0.         0.         0. 0.         0.         0.         0.         0.        ]
True
2
[0.03074956 0.03165707 0.03245233 0.03377963 0.03429588 0.03434955 0.0357587  0.03538759 0.03271743 0.03568031 0.03539997 0.03287461 0.03330527 0.0325603  0.03302286 0.03336731 0.03201409 0.03121703 0.0290335  0.02973665 0.02830452 0.0294325  0.02923445 0.02885013 0.02864949 0.02772192 0.02807485 0.02742507 0.02842962 0.02800577 0.02822922 0.02828284 0.         0.         0.         0. 0.         0.         0.         0.         0.         0. 0.         0.         0.         0.         0.        ]
[0.03094602 0.03280857 0.03475565 0.03555975 0.03563289 0.03719271 0.0348661  0.03751547 0.03581026 0.03744868 0.03683598 0.03387583 0.03314075 0.03158918 0.0302415  0.03234429 0.03064529 0.03100371 0.03049497 0.02914027 0.02930661 0.02930413 0.02954817 0.02884408 0.02868202 0.02876639 0.02706735 0.02702289 0.02549786 0.02511599 0.02470617 0.02429045 0.         0.         0.         0. 0.         0.         0.         0.         0.         0. 0.         0.         0.         0.         0.        ]
[0.02811203 0.02959947 0.03006742 0.02785803 0.02838209 0.02814083 0.0292302  0.02899261 0.03124247 0.02916332 0.02821089 0.02765884 0.02932472 0.02773846 0.03115832 0.02954455 0.03152395 0.03267215 0.03212733 0.03214275 0.03337723 0.03254849 0.03394081 0.03373335 0.03390973 0.03329709 0.03413396 0.03448353 0.03399936 0.03419559 0.0344509  0.03503957 0.         0.         0.         0. 0.         0.         0.         0.         0.         0. 0.         0.         0.         0.         0.        ]
True
2
[0.02973025 0.03039706 0.03099749 0.03197708 0.03240208 0.03242239 0.03372302 0.0337467  0.03186617 0.03464117 0.03497701 0.03306035 0.03401162 0.03369317 0.03427967 0.03473495 0.03315197 0.03223034 0.02963418 0.03050461 0.02879117 0.03019067 0.0299133  0.02952654 0.02930382 0.02815239 0.02855042 0.02780382 0.02916158 0.02853573 0.02888154 0.02900771 0.         0.         0.         0. 0.         0.         0.         0.         0.         0. 0.         0.         0.         0.         0.        ]
[0.02862506 0.02993725 0.03132096 0.03197007 0.03213731 0.03321932 0.03206607 0.03448139 0.03366893 0.03554917 0.03603844 0.03415098 0.0342709  0.0332926  0.03176606 0.03438236 0.03236482 0.03287041 0.03230893 0.03068873 0.03096185 0.03103132 0.03135968 0.03053591 0.03048281 0.03062087 0.02845016 0.02847492 0.02648393 0.02601888 0.0255048  0.02496511 0.         0.         0.         0. 0.         0.         0.         0.         0.         0. 0.         0.         0.         0.         0.        ]
[0.02969225 0.03082703 0.03104328 0.02939453 0.02974629 0.02943379 0.03012722 0.02977289 0.03158749 0.02963848 0.02840487 0.02748861 0.02881811 0.02668133 0.03049977 0.02866771 0.03087778 0.03212082 0.03153285 0.03153274 0.03295936 0.03196952 0.03354091 0.03327998 0.0334807  0.03271279 0.03373169 0.03416264 0.03352858 0.03376494 0.03408904 0.034892   0.         0.         0.         0. 0.         0.         0.         0.         0.         0. 0.         0.         0.         0.         0.        ]
True
2
[0.02900147 0.02924529 0.02951144 0.02990262 0.03018125 0.03014361 0.03072886 0.03091126 0.03035695 0.03175827 0.03205113 0.03119994 0.0317455  0.03171837 0.03237573 0.03304965 0.03251635 0.03227066 0.03058572 0.03155984 0.03021182 0.03186169 0.03184357 0.03171222 0.03172203 0.03029713 0.03098341 0.03006287 0.03298249 0.03173684 0.03265244 0.03311954 0.         0.         0.         0. 0.         0.         0.         0.         0.         0. 0.         0.         0.         0.         0.        ]
[0.02632283 0.02678948 0.02733739 0.02777256 0.02809502 0.02848127 0.02839498 0.02943589 0.0294189  0.03052656 0.03096987 0.03028289 0.030539   0.03044338 0.03004894 0.03203249 0.03147111 0.03246222 0.0327552  0.03208753 0.0330356  0.03389452 0.03514511 0.03502524 0.03603978 0.03728934 0.03449282 0.03551766 0.03211371 0.0316897 0.03063122 0.02945787 0.         0.         0.         0. 0.         0.         0.         0.         0.         0. 0.         0.         0.         0.         0.        ]
[0.03209385 0.03239696 0.03206176 0.03170849 0.03165824 0.03119908 0.03133338 0.03109155 0.03193542 0.03101492 0.03016921 0.02960796 0.03017715 0.02910027 0.03078212 0.02947933 0.03064393 0.03141386 0.03074847 0.0305715  0.03164381 0.03059503 0.03200785 0.03161568 0.03172752 0.03059265 0.03182618 0.03238386 0.0312262  0.0314839 0.0320561  0.03365378 0.         0.         0.         0. 0.         0.         0.         0.         0.         0. 0.         0.         0.         0.         0.        ]
False
2
[0.02916551 0.02964005 0.03008699 0.03079508 0.03115078 0.03114475 0.03211048 0.03220645 0.03093839 0.03307271 0.0333865  0.03196608 0.03272751 0.03254262 0.03345339 0.03436688 0.03341576 0.03294155 0.03042638 0.03175201 0.02982333 0.03173534 0.03130772 0.0309148 0.03064979 0.02907814 0.02956102 0.02863317 0.03065291 0.02964675 0.03022204 0.03048508 0.         0.         0.         0. 0.         0.         0.         0.         0.         0. 0.         0.         0.         0.         0.        ]
[0.02696988 0.02787194 0.02884377 0.02938082 0.02961637 0.03035398 0.02971718 0.0314477  0.03102089 0.03250512 0.03296329 0.03166845 0.03184808 0.03129049 0.03065404 0.03356603 0.03249802 0.03381484 0.03406757 0.03292508 0.03414041 0.03435656 0.03485605 0.0337921 0.03396398 0.03421239 0.03109122 0.03125547 0.02834684 0.0277214 0.02700756 0.02623248 0.         0.         0.         0. 0.         0.         0.         0.         0.         0. 0.         0.         0.         0.         0.        ]
[0.03088215 0.03167057 0.031651   0.03054572 0.03072948 0.03035283 0.03081086 0.03050293 0.03190676 0.03039256 0.02931763 0.02854637 0.0295602  0.02786012 0.03065338 0.02878272 0.03056053 0.03158971 0.03080541 0.03059482 0.03213898 0.03088331 0.03274879 0.0323987 0.03263966 0.03161481 0.03293492 0.03350227 0.03261716 0.03292017 0.03335938 0.03452605 0.         0.         0.         0. 0.         0.         0.         0.         0.         0. 0.         0.         0.         0.         0.        ]
False
2
[0.06046427 0.05931607 0.06209252 0.06421053 0.06250037 0.06148674 0.06159287 0.0606156  0.06235837 0.06011061 0.05798811 0.05606598 0.05610606 0.05587166 0.05388052 0.05277484 0.05256493 0. 0.         0.         0.         0.         0.         0. 0.         0.         0.         0.         0.         0. 0.         0.         0.         0.         0.         0. 0.         0.         0.         0.         0.         0. 0.         0.         0.         0.         0.        ]
[0.06663676 0.06803769 0.06307713 0.06160377 0.06315629 0.06334731 0.06324575 0.06121328 0.05996049 0.05939293 0.05867874 0.05528001 0.0530001  0.05323112 0.05183525 0.04956801 0.04873532 0. 0.         0.         0.         0.         0.         0. 0.         0.         0.         0.         0.         0. 0.         0.         0.         0.         0.         0. 0.         0.         0.         0.         0.         0. 0.         0.         0.         0.         0.        ]
[0.05379912 0.05512044 0.05871806 0.05670434 0.05382263 0.05282973 0.05378893 0.05435117 0.05572818 0.05740936 0.05949934 0.05939348 0.0650117  0.06525399 0.06504782 0.06644204 0.06707972 0. 0.         0.         0.         0.         0.         0. 0.         0.         0.         0.         0.         0. 0.         0.         0.         0.         0.         0. 0.         0.         0.         0.         0.         0. 0.         0.         0.         0.         0.        ]
True
2
[0.1264699  0.12528376 0.12862667 0.13278265 0.12786622 0.12436183 0.12043602 0.11417296 0.         0.         0.         0. 0.         0.         0.         0.         0.         0. 0.         0.         0.         0.         0.         0. 0.         0.         0.         0.         0.         0. 0.         0.         0.         0.         0.         0. 0.         0.         0.         0.         0.         0. 0.         0.         0.         0.         0.        ]
[0.1255991  0.14057645 0.14258471 0.13086037 0.1277325  0.11724809 0.11203378 0.10336495 0.         0.         0.         0. 0.         0.         0.         0.         0.         0. 0.         0.         0.         0.         0.         0. 0.         0.         0.         0.         0.         0. 0.         0.         0.         0.         0.         0. 0.         0.         0.         0.         0.         0. 0.         0.         0.         0.         0.        ]
[0.12403662 0.11967427 0.10907757 0.11711378 0.1189715  0.12680027 0.1391492  0.14517677 0.         0.         0.         0. 0.         0.         0.         0.         0.         0. 0.         0.         0.         0.         0.         0. 0.         0.         0.         0.         0.         0. 0.         0.         0.         0.         0.         0. 0.         0.         0.         0.         0.         0. 0.         0.         0.         0.         0.        ]
True
2
[0.02630278 0.02508675 0.02356768 0.02218662 0.02310088 0.02412435 0.02400794 0.02604673 0.02526262 0.02553637 0.02604232 0.02225414 0.02346649 0.02258112 0.02161859 0.02263094 0.02293525 0.0221778 0.02264794 0.02343754 0.024062   0.02469403 0.02376664 0.02529106 0.0272014  0.02685343 0.02726301 0.02548839 0.02586898 0.02613222 0.02413408 0.02394154 0.02547011 0.02422257 0.0239573  0.02397153 0.02434408 0.02364356 0.02450566 0.02516473 0.0250088  0. 0.         0.         0.         0.         0.        ]
[0.02670069 0.02738024 0.02631363 0.02621127 0.02750478 0.02755199 0.02628165 0.02528899 0.02657194 0.02729342 0.02619981 0.02419855 0.02602814 0.02668848 0.0263348  0.02746795 0.0256176  0.02449814 0.02455531 0.02415423 0.02414581 0.02316163 0.02307211 0.02291957 0.02243074 0.02274512 0.02351036 0.02235366 0.02257724 0.02437426 0.02399094 0.02297944 0.0235115  0.02288974 0.02284005 0.02292058 0.02181863 0.0218313  0.02131466 0.02107982 0.02069126 0. 0.         0.         0.         0.         0.        ]
[0.02210301 0.02233284 0.02047168 0.0217423  0.02235489 0.02090713 0.02244646 0.02184331 0.02482584 0.02287986 0.0234728  0.02156585 0.02486488 0.02364255 0.0240943  0.02243907 0.02413853 0.02332238 0.02146434 0.02175623 0.02269376 0.02387213 0.02537578 0.02528039 0.0271215  0.02827194 0.02827156 0.02765447 0.02632906 0.02571572 0.02538476 0.02485996 0.02520357 0.02598158 0.02608101 0.02588637 0.02561212 0.02649188 0.02678429 0.0271276  0.02733235 0. 0.         0.         0.         0.         0.        ]
False
2
[0.02657388 0.02519805 0.02350188 0.02197933 0.02299193 0.0241548 0.02404331 0.0259905  0.02519622 0.02546454 0.02591401 0.02248652 0.02358164 0.02279132 0.02193356 0.02284608 0.02312145 0.02245654 0.02287872 0.02357534 0.0241194  0.02466223 0.02390386 0.02516079 0.02674042 0.02643467 0.02679335 0.02529072 0.02558449 0.02582774 0.02423861 0.02409214 0.02526693 0.02431855 0.02412687 0.02414678 0.02441682 0.02394917 0.02452653 0.02491856 0.02480179 0. 0.         0.         0.         0.         0.        ]
[0.02774288 0.02850953 0.02725119 0.02711462 0.0285829  0.02823568 0.02654814 0.02530598 0.0262258  0.02687703 0.02589161 0.02407553 0.02568205 0.02627236 0.02591508 0.02687584 0.02525377 0.02426701 0.02430092 0.02394026 0.02391733 0.02306311 0.02300894 0.02286887 0.02241168 0.02269988 0.02331731 0.02235574 0.02252483 0.02393438 0.0236015  0.02279037 0.02316777 0.02267156 0.02260564 0.02262969 0.02183228 0.02182356 0.02147309 0.02132499 0.02110931 0. 0.         0.         0.         0.         0.        ]
[0.02144782 0.0216869  0.01971828 0.02107756 0.02175113 0.02050164 0.02230439 0.02193163 0.02488546 0.02312787 0.02365123 0.02193248 0.02491705 0.02385729 0.02424358 0.02277633 0.02430113 0.02361975 0.0219573  0.02223741 0.02308351 0.02412727 0.02546961 0.02539839 0.02695513 0.02790492 0.02789649 0.02738857 0.02631683 0.02583285 0.02558467 0.02519218 0.02548742 0.02610385 0.02612676 0.02607657 0.02591197 0.0265417  0.02674813 0.02696567 0.02696126 0. 0.         0.         0.         0.         0.        ]
False
2
[0.02500826 0.02448581 0.02376307 0.02304402 0.02349577 0.02390699 0.02384364 0.02493431 0.0245303  0.02482864 0.02518715 0.02260851 0.02341042 0.02268608 0.02180398 0.02256405 0.02276063 0.02193629 0.02230445 0.02308075 0.02376747 0.02456033 0.02325735 0.02551866 0.02871139 0.02845145 0.02935324 0.02628327 0.02707149 0.02742852 0.02356708 0.02317492 0.02629085 0.02369261 0.02310869 0.02309838 0.02391574 0.02221951 0.0243066  0.02618938 0.0258499  0. 0.         0.         0.         0.         0.        ]
[0.02369755 0.0240692  0.0237013  0.02372902 0.02439378 0.02438225 0.02384958 0.02341104 0.02412002 0.02483828 0.02444962 0.02329705 0.02473157 0.0255392  0.02551454 0.02680875 0.02549984 0.02468476 0.0249973  0.02480474 0.0250555  0.02401761 0.02400563 0.02396248 0.02348371 0.0240529  0.02572674 0.02356019 0.0240561  0.02789555 0.02722974 0.02514767 0.02648951 0.02519827 0.02522722 0.02559762 0.02294123 0.02305606 0.02173791 0.02109985 0.01993916 0. 0.         0.         0.         0.         0.        ]
[0.02431703 0.02448809 0.02328549 0.02402375 0.02429586 0.02328577 0.02412001 0.02371198 0.02553061 0.02422555 0.02436619 0.02285932 0.02510827 0.02410593 0.02427366 0.0226622  0.02402196 0.02305864 0.02091554 0.02091157 0.02166398 0.02281407 0.02446693 0.0241827 0.02679639 0.02871348 0.02884715 0.02775232 0.02535104 0.02420861 0.02354478 0.02250138 0.02302646 0.02444227 0.02486286 0.0240667 0.02335345 0.02524018 0.02589243 0.02677713 0.02792828 0. 0.         0.         0.         0.         0.        ]
False
2
[0.02584931 0.02490694 0.0236964  0.0225666  0.02330571 0.0240934 0.02399751 0.02566566 0.02503117 0.02534851 0.02586503 0.02225873 0.02339905 0.02240415 0.02122736 0.02227162 0.02262554 0.02171033 0.02226198 0.02321116 0.02397514 0.02476348 0.02354143 0.02553479 0.02804285 0.02761755 0.02812038 0.02585235 0.02638908 0.02668849 0.0239655  0.02369335 0.02584391 0.02406883 0.02367652 0.023681 0.02423071 0.02313088 0.02448273 0.02561556 0.02538929 0. 0.         0.         0.         0.         0.        ]
[0.02523447 0.02578057 0.02501183 0.02496367 0.02598719 0.02600966 0.02505394 0.02429535 0.02533353 0.02625068 0.02558957 0.02393568 0.02599544 0.02701678 0.02701678 0.02883773 0.02654499 0.02517156 0.02527159 0.02479296 0.02481077 0.02358203 0.02342845 0.0232521 0.02270192 0.02306608 0.02410451 0.02258659 0.02290921 0.02542993 0.02494929 0.02356086 0.02438068 0.023523   0.02350227 0.02368677 0.02202544 0.02207608 0.02126292 0.02087617 0.02019097 0. 0.         0.         0.         0.         0.        ]
[0.02312335 0.02333351 0.02169607 0.02278424 0.02327614 0.02197704 0.02326854 0.02273309 0.02529928 0.02345896 0.02380429 0.02176917 0.02490147 0.02345507 0.0238051  0.02169686 0.02367765 0.02263985 0.02047341 0.02078202 0.02186224 0.02325633 0.02502329 0.02488711 0.02720947 0.0287089  0.02872302 0.02791504 0.02615282 0.02532065 0.02485085 0.0241069  0.02452903 0.02557567 0.02580609 0.02536515 0.02490747 0.02620684 0.02664631 0.02720768 0.02778408 0. 0.         0.         0.         0.         0.        ]
False
2
[0.02605067 0.02499151 0.0236484  0.02240983 0.02322482 0.02411405 0.02400934 0.02583621 0.0251378  0.02546004 0.02602022 0.02213634 0.02336645 0.0223868  0.02132142 0.02243179 0.02276474 0.02191617 0.02243346 0.02331506 0.02401969 0.02474127 0.02364494 0.02543784 0.02768757 0.02729581 0.02775819 0.02570361 0.02617294 0.02645676 0.02404498 0.0238067  0.02569092 0.024142   0.02380375 0.02381238 0.02428668 0.02335638 0.02450006 0.02542916 0.02523326 0. 0.         0.         0.         0.         0.        ]
[0.02581107 0.02641175 0.02552048 0.02544984 0.02658416 0.02661684 0.02553172 0.0246765  0.02581539 0.0267954  0.0260513  0.02424476 0.02649533 0.02723085 0.02687943 0.02819701 0.02610138 0.02484063 0.02492187 0.02447768 0.02448406 0.02336323 0.02323756 0.02307177 0.02254891 0.02289103 0.02380963 0.02245024 0.02272966 0.02493178 0.02449444 0.02327235 0.02396563 0.02321203 0.02317874 0.02331769 0.02190122 0.02193545 0.02125078 0.02092943 0.020371   0. 0.         0.         0.         0.         0.        ]
[0.02270556 0.02292466 0.02118607 0.02235648 0.02290212 0.02153581 0.022938   0.02237218 0.0251231  0.02314959 0.02354697 0.02138442 0.02473368 0.02335502 0.02386957 0.0220363  0.02390056 0.0229553 0.02091553 0.02121758 0.02223944 0.02354435 0.02520167 0.02508268 0.02720186 0.02855243 0.02856029 0.02783389 0.02625729 0.02551748 0.02510608 0.02445389 0.0248434  0.0257774  0.0259523  0.0256156 0.025235   0.02635781 0.02673496 0.02720346 0.02762016 0. 0.         0.         0.         0.         0.        ]
False
2
[0.02455936 0.02436365 0.02403191 0.02365291 0.02386509 0.02396913 0.02393174 0.0245704  0.0243449  0.02463071 0.02486735 0.02310466 0.02363029 0.02312545 0.02248777 0.02301122 0.02313992 0.02252396 0.02278111 0.02334829 0.02385547 0.02444849 0.02352136 0.02518189 0.02758221 0.02741721 0.02818074 0.02590351 0.0266947  0.02720324 0.02362274 0.02318528 0.02652211 0.02365812 0.0229218  0.02283585 0.02387382 0.02169392 0.0243807  0.02690819 0.02646882 0. 0.         0.         0.         0.         0.        ]
[0.02289999 0.0231481  0.02307327 0.02315885 0.02356437 0.02352749 0.02330431 0.02310505 0.023572   0.02415072 0.02396295 0.02318206 0.02415474 0.02481321 0.02476965 0.02569292 0.02485369 0.02432189 0.02457811 0.02447209 0.02468562 0.02394396 0.02401404 0.02399932 0.02359212 0.02410203 0.02541904 0.02383809 0.02438799 0.02811942 0.02785227 0.02601234 0.02778729 0.02659108 0.02691945 0.02774776 0.02412975 0.02430409 0.02251795 0.02165345 0.02007744 0. 0.         0.         0.         0.         0.        ]
[0.02511954 0.0252541  0.02445811 0.02487025 0.02494502 0.0242025 0.0246243  0.02433123 0.02549831 0.02465558 0.02462032 0.02358533 0.02505944 0.02443799 0.0244499  0.02328015 0.02422562 0.02356788 0.02186571 0.02182072 0.02236063 0.02321121 0.02450712 0.02427514 0.02625246 0.02769643 0.0278073  0.02701992 0.02500877 0.02390122 0.02313863 0.02192706 0.02225427 0.02360738 0.02400464 0.02285392 0.02196217 0.02426353 0.02507211 0.02620063 0.02780349 0. 0.         0.         0.         0.         0.        ]
False
2
[0.02562545 0.02479939 0.02372223 0.02270315 0.02336494 0.02405019 0.02396319 0.02547233 0.02490161 0.02521381 0.02568667 0.02236082 0.02340971 0.02248796 0.02139    0.02235823 0.02261518 0.02160494 0.02207111 0.02308607 0.02390824 0.02476246 0.02341641 0.02560807 0.02837605 0.02791689 0.02846059 0.02597757 0.02658206 0.02689701 0.02386389 0.02355844 0.02597344 0.02397339 0.0235279  0.02352827 0.02415221 0.02288608 0.02444247 0.02577913 0.02552234 0. 0.         0.         0.         0.         0.        ]
[0.02474714 0.0252424  0.02458922 0.0245626  0.0254823  0.02549503 0.02466124 0.02399415 0.02493766 0.02579668 0.02521386 0.02370372 0.02558395 0.02654274 0.02653575 0.0282029  0.02642719 0.02533678 0.02570557 0.02519007 0.02521969 0.02387659 0.02369404 0.02350641 0.02292674 0.02331444 0.0244786  0.02279413 0.02316167 0.02601836 0.02549129 0.02392682 0.02487972 0.02391196 0.02390411 0.02413619 0.02221895 0.02228642 0.02134094 0.02088753 0.02007449 0. 0.         0.         0.         0.         0.        ]
[0.0235055  0.02370596 0.02217747 0.02317747 0.02361275 0.02238606 0.02356042 0.02305733 0.02542982 0.02372872 0.02402014 0.02212007 0.02502428 0.02369385 0.02399583 0.02201455 0.02372153 0.02250061 0.02000377 0.02031795 0.0214519  0.02292957 0.02480047 0.02464763 0.02716702 0.02881312 0.02883353 0.02794492 0.02600085 0.02507913 0.02455295 0.02372111 0.0241741  0.02532884 0.0256135  0.02507094 0.02453896 0.02600879 0.02650909 0.02716184 0.02789756 0. 0.         0.         0.         0.         0.        ]
False
2
[0.04059134 0.0407375  0.04093676 0.04054745 0.04146275 0.04105437 0.04238552 0.04165855 0.0441626  0.04399882 0.04447342 0.04620748 0.04589346 0.0455384  0.04783374 0.04535214 0.04505879 0.04227438 0.04285491 0.0435289  0.04542729 0.04212387 0.0458976  0. 0.         0.         0.         0.         0.         0. 0.         0.         0.         0.         0.         0. 0.         0.         0.         0.         0.         0. 0.         0.         0.         0.         0.        ]
[0.03719768 0.03728551 0.03885681 0.03971313 0.03971888 0.04064096 0.04155598 0.04164232 0.04262883 0.04299872 0.04230472 0.04527497 0.04747387 0.0496772  0.05192601 0.04831799 0.04942216 0.04966497 0.04788622 0.04534369 0.043778   0.04139793 0.03529342 0. 0.         0.         0.         0.         0.         0. 0.         0.         0.         0.         0.         0. 0.         0.         0.         0.         0.         0. 0.         0.         0.         0.         0.        ]
[0.04197754 0.04335178 0.04268093 0.0441168  0.04350462 0.04260578 0.04284026 0.04455429 0.04377024 0.04496853 0.04460818 0.04334076 0.04206262 0.04269005 0.04282755 0.04103612 0.0421895  0.04333644 0.04216581 0.04135486 0.0484408  0.0453796  0.04619699 0. 0.         0.         0.         0.         0.         0. 0.         0.         0.         0.         0.         0. 0.         0.         0.         0.         0.         0. 0.         0.         0.         0.         0.        ]
False
2
[0.04376149 0.04337111 0.04332225 0.04176803 0.043731   0.04292018 0.04556764 0.04362161 0.04848755 0.04646182 0.04615782 0.04770184 0.04611284 0.0447458  0.04601149 0.04305153 0.04222323 0.03995736 0.04001355 0.04005921 0.04081883 0.03922794 0.04090592 0. 0.         0.         0.         0.         0.         0. 0.         0.         0.         0.         0.         0. 0.         0.         0.         0.         0.         0. 0.         0.         0.         0.         0.        ]
[0.04236568 0.04108673 0.04498494 0.04618969 0.04499761 0.04695526 0.04820308 0.04749152 0.04888102 0.0469325  0.04395137 0.04670573 0.04746262 0.0477406  0.04775138 0.04308162 0.04246314 0.04133091 0.0393359  0.03736444 0.03649254 0.03532954 0.03290211 0. 0.         0.         0.         0.         0.         0. 0.         0.         0.         0.         0.         0. 0.         0.         0.         0.         0.         0. 0.         0.         0.         0.         0.        ]
[0.03856263 0.04260783 0.04169678 0.04489479 0.04337966 0.04197417 0.04255954 0.0460954  0.04405339 0.04613421 0.04558948 0.04367447 0.042161   0.04297778 0.04321801 0.04174959 0.04284925 0.04387315 0.04303198 0.04268515 0.0462464  0.04471431 0.04527102 0. 0.         0.         0.         0.         0.         0. 0.         0.         0.         0.         0.         0. 0.         0.         0.         0.         0.         0. 0.         0.         0.         0.         0.        ]
False
2
[0.1178938  0.12026282 0.12005262 0.11847232 0.11843914 0.10742957 0.10138431 0.09846529 0.09760007 0.         0.         0. 0.         0.         0.         0.         0.         0. 0.         0.         0.         0.         0.         0. 0.         0.         0.         0.         0.         0. 0.         0.         0.         0.         0.         0. 0.         0.         0.         0.         0.         0. 0.         0.         0.         0.         0.        ]
[0.11459652 0.12750155 0.12217598 0.12203649 0.11700322 0.10685883 0.1011534  0.09601744 0.09265657 0.         0.         0. 0.         0.         0.         0.         0.         0. 0.         0.         0.         0.         0.         0. 0.         0.         0.         0.         0.         0. 0.         0.         0.         0.         0.         0. 0.         0.         0.         0.         0.         0. 0.         0.         0.         0.         0.        ]
[0.09892694 0.09422881 0.09884048 0.10782927 0.10886978 0.11085109 0.12035198 0.12900247 0.13109916 0.         0.         0. 0.         0.         0.         0.         0.         0. 0.         0.         0.         0.         0.         0. 0.         0.         0.         0.         0.         0. 0.         0.         0.         0.         0.         0. 0.         0.         0.         0.         0.         0. 0.         0.         0.         0.         0.        ]
True
2
[0.10936195 0.11173828 0.1175667  0.12360524 0.12487046 0.11099043 0.10312597 0.09947567 0.09926526 0.         0.         0. 0.         0.         0.         0.         0.         0. 0.         0.         0.         0.         0.         0. 0.         0.         0.         0.         0.         0. 0.         0.         0.         0.         0.         0. 0.         0.         0.         0.         0.         0. 0.         0.         0.         0.         0.        ]
[0.10494269 0.11478725 0.11880326 0.1293963  0.12410744 0.11167166 0.10471784 0.09803228 0.09354124 0.         0.         0. 0.         0.         0.         0.         0.         0. 0.         0.         0.         0.         0.         0. 0.         0.         0.         0.         0.         0. 0.         0.         0.         0.         0.         0. 0.         0.         0.         0.         0.         0. 0.         0.         0.         0.         0.        ]
[0.10946774 0.10472605 0.10117421 0.10319374 0.10335819 0.10483522 0.11627465 0.12804352 0.12892674 0.         0.         0. 0.         0.         0.         0.         0.         0. 0.         0.         0.         0.         0.         0. 0.         0.         0.         0.         0.         0. 0.         0.         0.         0.         0.         0. 0.         0.         0.         0.         0.         0. 0.         0.         0.         0.         0.        ]
True
2
[0.08205903 0.08179811 0.08158764 0.08154561 0.08368445 0.08246706 0.08154149 0.08197479 0.08128963 0.08469754 0.0907702  0.08658447 0.         0.         0.         0.         0.         0. 0.         0.         0.         0.         0.         0. 0.         0.         0.         0.         0.         0. 0.         0.         0.         0.         0.         0. 0.         0.         0.         0.         0.         0. 0.         0.         0.         0.         0.        ]
[0.07469324 0.07687452 0.07884428 0.07983577 0.08568646 0.08378282 0.08702662 0.09102573 0.08614528 0.08858062 0.08987606 0.07762867 0.         0.         0.         0.         0.         0. 0.         0.         0.         0.         0.         0. 0.         0.         0.         0.         0.         0. 0.         0.         0.         0.         0.         0. 0.         0.         0.         0.         0.         0. 0.         0.         0.         0.         0.        ]
[0.09788632 0.09598657 0.09095686 0.08881227 0.08711227 0.0856885 0.08009787 0.0755844  0.0702428  0.07018883 0.07612339 0.08131992 0.         0.         0.         0.         0.         0. 0.         0.         0.         0.         0.         0. 0.         0.         0.         0.         0.         0. 0.         0.         0.         0.         0.         0. 0.         0.         0.         0.         0.         0. 0.         0.         0.         0.         0.        ]
True
2
[0.08829638 0.09214663 0.09363589 0.09043976 0.08403322 0.08320946 0.08559163 0.08039924 0.07716738 0.07600188 0.07477167 0.07430687 0.         0.         0.         0.         0.         0. 0.         0.         0.         0.         0.         0. 0.         0.         0.         0.         0.         0. 0.         0.         0.         0.         0.         0. 0.         0.         0.         0.         0.         0. 0.         0.         0.         0.         0.        ]
[0.09105765 0.10170083 0.09047809 0.08906756 0.08674888 0.0832791 0.08007102 0.07876481 0.07732293 0.07689305 0.0740871  0.07052896 0.         0.         0.         0.         0.         0. 0.         0.         0.         0.         0.         0. 0.         0.         0.         0.         0.         0. 0.         0.         0.         0.         0.         0. 0.         0.         0.         0.         0.         0. 0.         0.         0.         0.         0.        ]
[0.07487116 0.07592919 0.07538448 0.07701495 0.07998717 0.08272779 0.08758467 0.08704932 0.0890452  0.08986703 0.09010644 0.0904326 0.         0.         0.         0.         0.         0. 0.         0.         0.         0.         0.         0. 0.         0.         0.         0.         0.         0. 0.         0.         0.         0.         0.         0. 0.         0.         0.         0.         0.         0. 0.         0.         0.         0.         0.        ]
True
2
[0.08054771 0.08271898 0.08572081 0.0866214  0.08411328 0.08561768 0.0923599  0.08732931 0.08292452 0.07961828 0.07581125 0.07661691 0.         0.         0.         0.         0.         0. 0.         0.         0.         0.         0.         0. 0.         0.         0.         0.         0.         0. 0.         0.         0.         0.         0.         0. 0.         0.         0.         0.         0.         0. 0.         0.         0.         0.         0.        ]
[0.07388072 0.07853144 0.07750532 0.08000066 0.08208785 0.08296274 0.08342782 0.08650537 0.08996797 0.09371094 0.09047341 0.08094572 0.         0.         0.         0.         0.         0. 0.         0.         0.         0.         0.         0. 0.         0.         0.         0.         0.         0. 0.         0.         0.         0.         0.         0. 0.         0.         0.         0.         0.         0. 0.         0.         0.         0.         0.        ]
[0.08420692 0.08430134 0.08151904 0.0805702  0.08053246 0.08097105 0.08524259 0.08286628 0.08396129 0.08448574 0.08569886 0.08564418 0.         0.         0.         0.         0.         0. 0.         0.         0.         0.         0.         0. 0.         0.         0.         0.         0.         0. 0.         0.         0.         0.         0.         0. 0.         0.         0.         0.         0.         0. 0.         0.         0.         0.         0.        ]
False
2
